ID	X1	Y1	X2	Y2	CAR	LDV	HDV	BUS	road type	Speed	Height
153288	5.1257254	50.0991251	5.1321047	50.1002564	6191098.049	809721.2557	532491.9011	72260.39803	R	82	0
158654	5.112672	50.1598865	5.1118851	50.1585489	29741.58862	3889.842529	2558.052698	347.1337419	R	82	0
158673	5.1845688	50.1263141	5.1847749	50.1262809	5999415.522	784651.4839	516005.4246	70023.14455	R	50	0
158703	5.1865035	50.1673535	5.1945396	50.1672751	218055.9288	28519.09615	18754.83399	2545.074894	R	90	0
158713	5.113873	50.1710562	5.1158984	50.1700634	29741.58862	3889.842529	2558.052698	347.1337419	R	82	0
158714	5.1158984	50.1700634	5.1150356	50.1686357	29741.58862	3889.842529	2558.052698	347.1337419	R	82	0
158715	5.1150356	50.1686357	5.1188071	50.1683427	29741.58862	3889.842529	2558.052698	347.1337419	R	82	0
158716	5.1188071	50.1683427	5.115918	50.1666135	29741.58862	3889.842529	2558.052698	347.1337419	R	82	0
158717	5.115918	50.1666135	5.1154861	50.1654776	29741.58862	3889.842529	2558.052698	347.1337419	R	82	0
158718	5.1136463	50.1545129	5.1137968	50.1540666	29741.58862	3889.842529	2558.052698	347.1337419	R	50	0
158726	5.1010398	50.1188197	5.1018589	50.11815	1100938.204	143989.4924	171408.0735	6826.444334	H	120	0
158751	5.0995168	50.1429954	5.1032769	50.1370735	161945.8105	21180.56668	13928.84297	1890.17661	R	82	0
158789	5.1660062	50.1127994	5.1698985	50.1137214	5999415.522	784651.4839	516005.4246	70023.14455	R	50	0
158800	5.1867691	50.1257144	5.1869854	50.1256189	5999415.522	784651.4839	516005.4246	70023.14455	R	30	0
158824	5.136813	50.1076944	5.139886	50.1082603	5999415.522	784651.4839	516005.4246	70023.14455	R	50	0
158826	5.113873	50.1710562	5.1147105	50.1711137	218055.9288	28519.09615	18754.83399	2545.074894	R	70	0
158828	5.1127734	50.1519931	5.1127485	50.1518822	29741.58862	3889.842529	2558.052698	347.1337419	R	50	0
158883	5.1188051	50.1045051	5.1007909	50.1192475	933072.3206	122034.6512	145272.576	5785.580182	H	120	0
158911	5.1857302	50.1260724	5.1859864	50.1260097	5999415.522	784651.4839	516005.4246	70023.14455	R	30	0
158999	5.1888413	50.1265125	5.1887361	50.1263845	5999415.522	784651.4839	516005.4246	70023.14455	R	50	0
159012	5.1833839	50.126141	5.1843168	50.126331	5999415.522	784651.4839	516005.4246	70023.14455	R	50	0
159071	5.1843014	50.1356501	5.1839081	50.1373022	5999415.522	784651.4839	516005.4246	70023.14455	R	90	0
159072	5.1839081	50.1373022	5.1861759	50.139672	5999415.522	784651.4839	516005.4246	70023.14455	R	90	0
159073	5.1861759	50.139672	5.1854052	50.1424898	5999415.522	784651.4839	516005.4246	70023.14455	R	90	0
159074	5.1854052	50.1424898	5.1870306	50.1430038	5999415.522	784651.4839	516005.4246	70023.14455	R	90	0
159075	5.1870306	50.1430038	5.1922296	50.1410667	5999415.522	784651.4839	516005.4246	70023.14455	R	90	0
159076	5.1922296	50.1410667	5.1936756	50.1412968	5999415.522	784651.4839	516005.4246	70023.14455	R	90	0
159077	5.1936756	50.1412968	5.1946693	50.1423486	5999415.522	784651.4839	516005.4246	70023.14455	R	90	0
159078	5.1946693	50.1423486	5.1947269	50.1466765	5999415.522	784651.4839	516005.4246	70023.14455	R	90	0
159079	5.1947269	50.1466765	5.1977471	50.1494965	5999415.522	784651.4839	516005.4246	70023.14455	R	90	0
159080	5.1977471	50.1494965	5.1999812	50.1504205	5999415.522	784651.4839	516005.4246	70023.14455	R	90	0
159147	5.1127762	50.1600227	5.112672	50.1598865	29741.58862	3889.842529	2558.052698	347.1337419	R	82	0
159259	5.1007909	50.1192475	5.0910159	50.1280782	933072.3206	122034.6512	145272.576	5785.580182	H	120	0
159434	5.1899401	50.1278846	5.189473	50.1272951	5999415.522	784651.4839	516005.4246	70023.14455	R	50	0
159478	5.1130863	50.1712322	5.1132242	50.1710057	29741.58862	3889.842529	2558.052698	347.1337419	R	82	0
159493	5.1190822	50.1042832	5.1188051	50.1045051	933072.3206	122034.6512	145272.576	5785.580182	H	120	0
159494	5.1018589	50.11815	5.1155074	50.1069889	1100938.204	143989.4924	171408.0735	6826.444334	H	120	0
159496	5.0899898	50.1289421	5.1010398	50.1188197	1100938.204	143989.4924	171408.0735	6826.444334	H	120	0
159520	5.1037074	50.1364058	5.1042493	50.1355793	191687.3991	25070.40921	16486.89566	2237.310352	R	82	0
159521	5.1881866	50.1257249	5.1878758	50.1253997	5999415.522	784651.4839	516005.4246	70023.14455	R	50	0
159547	5.1871548	50.1255442	5.1872639	50.1254961	5999415.522	784651.4839	516005.4246	70023.14455	R	30	0
159589	5.1132242	50.1710057	5.113873	50.1710562	247797.5175	32408.93868	21312.88669	2892.208636	R	70	0
159612	5.1186678	50.1044335	5.1189345	50.1042165	1100938.204	143989.4924	171408.0735	6826.444334	H	120	0
159616	5.1878061	50.1334706	5.1843752	50.1355519	5999415.522	784651.4839	516005.4246	70023.14455	R	90	0
159719	5.1740381	50.1674833	5.1865035	50.1673535	218055.9288	28519.09615	18754.83399	2545.074894	R	90	0
159721	5.1118851	50.1585489	5.1136463	50.1545129	29741.58862	3889.842529	2558.052698	347.1337419	R	82	0
159722	5.114241	50.1165427	5.1164063	50.1163335	191687.3991	25070.40921	16486.89566	2237.310352	R	82	0
159739	5.1904134	50.1284806	5.1895987	50.1299505	4019758.39	525736.111	345736.535	46917.25748	R	90	0
159740	5.1878101	50.1313812	5.1878332	50.1334283	5999415.522	784651.4839	516005.4246	70023.14455	R	90	0
159847	5.1102986	50.148127	5.1097307	50.1454118	29741.58862	3889.842529	2558.052698	347.1337419	R	50	0
159848	5.1134603	50.152869	5.1128461	50.1523046	29741.58862	3889.842529	2558.052698	347.1337419	R	50	0
159850	5.1130863	50.1712322	5.1126812	50.1709888	9911.588829	1296.316758	852.4886438	115.6847054	R	82	0
159871	5.1999812	50.1504205	5.2082383	50.1514314	5999415.522	784651.4839	516005.4246	70023.14455	R	90	0
159976	5.116145	50.1637369	5.1156906	50.1632933	29741.58862	3889.842529	2558.052698	347.1337419	R	82	0
160094	5.1430074	50.108581	5.1449188	50.1085279	5999415.522	784651.4839	516005.4246	70023.14455	R	50	0
160095	5.1108208	50.1707481	5.1126812	50.1709888	227967.5177	29815.41291	19607.32263	2660.759599	R	70	0
160098	5.1127485	50.1518822	5.1121156	50.1513937	29741.58862	3889.842529	2558.052698	347.1337419	R	50	0
160264	5.1129449	50.1176822	5.114241	50.1165427	191687.3991	25070.40921	16486.89566	2237.310352	R	82	0
160333	5.1367187	50.1669969	5.1422143	50.1671448	218055.9288	28519.09615	18754.83399	2545.074894	R	90	0
160334	5.1708515	50.1675173	5.1740381	50.1674833	218055.9288	28519.09615	18754.83399	2545.074894	R	90	0
160341	5.1154861	50.1654776	5.1167808	50.16452	29741.58862	3889.842529	2558.052698	347.1337419	R	82	0
160342	5.1167808	50.16452	5.116145	50.1637369	29741.58862	3889.842529	2558.052698	347.1337419	R	82	0
160348	5.1155074	50.1069889	5.1186678	50.1044335	1100938.204	143989.4924	171408.0735	6826.444334	H	120	0
160439	5.1411352	50.1083843	5.1417696	50.1084555	5999415.522	784651.4839	516005.4246	70023.14455	R	50	0
160440	5.1422143	50.1671448	5.1543017	50.1674906	218055.9288	28519.09615	18754.83399	2545.074894	R	90	0
160486	5.1164063	50.1163335	5.1179399	50.1153866	191687.3991	25070.40921	16486.89566	2237.310352	R	82	0
160531	5.1859864	50.1260097	5.1867691	50.1257144	5999415.522	784651.4839	516005.4246	70023.14455	R	30	0
160552	5.1306786	50.1693877	5.1367187	50.1669969	218055.9288	28519.09615	18754.83399	2545.074894	R	90	0
160554	5.1128461	50.1523046	5.1127734	50.1519931	29741.58862	3889.842529	2558.052698	347.1337419	R	50	0
160557	5.141544	50.2042259	5.1307961	50.1973544	39653.07999	5186.14654	3410.53296	462.8173098	R	82	0
160558	5.1307961	50.1973544	5.1298171	50.1962135	39653.07999	5186.14654	3410.53296	462.8173098	R	82	0
160559	5.1298171	50.1962135	5.1289679	50.1924608	39653.07999	5186.14654	3410.53296	462.8173098	R	82	0
160560	5.1289679	50.1924608	5.1247817	50.1890398	39653.07999	5186.14654	3410.53296	462.8173098	R	82	0
160609	5.1133005	50.1214585	5.1129449	50.1176822	191687.3991	25070.40921	16486.89566	2237.310352	R	82	0
160643	5.1698985	50.1137214	5.1706598	50.1139729	5999415.522	784651.4839	516005.4246	70023.14455	R	50	0
160660	5.1847749	50.1262809	5.1848214	50.1262734	5999415.522	784651.4839	516005.4246	70023.14455	R	50	0
160740	5.1242656	50.1061566	5.1290189	50.1025943	191687.3991	25070.40921	16486.89566	2237.310352	R	82	0
160785	5.1706598	50.1139729	5.171314	50.1149997	5999415.522	784651.4839	516005.4246	70023.14455	R	50	0
160965	5.1323152	50.1021576	5.1350761	50.1067534	5999415.522	784651.4839	516005.4246	70023.14455	R	50	0
160966	5.1350761	50.1067534	5.136813	50.1076944	5999415.522	784651.4839	516005.4246	70023.14455	R	50	0
160969	5.1145812	50.1608975	5.1127762	50.1600227	29741.58862	3889.842529	2558.052698	347.1337419	R	82	0
160970	5.1290189	50.1025943	5.1312599	50.1008646	191687.3991	25070.40921	16486.89566	2237.310352	R	82	0
161007	5.1895987	50.1299505	5.1904134	50.1284806	1979657.133	258915.3728	170268.8896	23105.88707	R	90	0
161034	5.1878758	50.1253997	5.1877651	50.125361	5999415.522	784651.4839	516005.4246	70023.14455	R	30	0
161080	5.1891532	50.1268915	5.1888413	50.1265125	5999415.522	784651.4839	516005.4246	70023.14455	R	50	0
161116	5.1417696	50.1084555	5.1430074	50.108581	5999415.522	784651.4839	516005.4246	70023.14455	R	50	0
161119	5.1945396	50.1672751	5.1957598	50.1672669	218055.9288	28519.09615	18754.83399	2545.074894	R	90	0
161156	5.1207897	50.109992	5.1242656	50.1061566	191687.3991	25070.40921	16486.89566	2237.310352	R	82	0
161164	5.1040077	50.1372814	5.1037074	50.1364058	29741.58862	3889.842529	2558.052698	347.1337419	R	82	0
161174	5.1973533	50.1672397	5.2046317	50.167174	218055.9288	28519.09615	18754.83399	2545.074894	R	90	0
161229	5.1126812	50.1709888	5.1132242	50.1710057	218055.9288	28519.09615	18754.83399	2545.074894	R	70	0
161239	5.1097307	50.1454118	5.1040077	50.1372814	29741.58862	3889.842529	2558.052698	347.1337419	R	82	0
161274	5.1883179	50.1258763	5.1881866	50.1257249	5999415.522	784651.4839	516005.4246	70023.14455	R	50	0
161289	5.1957598	50.1672669	5.1973533	50.1672397	218055.9288	28519.09615	18754.83399	2545.074894	R	90	0
161305	5.1904134	50.1284806	5.1899401	50.1278846	5999415.522	784651.4839	516005.4246	70023.14455	R	50	0
161320	5.1449188	50.1085279	5.1572691	50.1104493	5999415.522	784651.4839	516005.4246	70023.14455	R	50	0
161321	5.1572691	50.1104493	5.1642373	50.1123773	5999415.522	784651.4839	516005.4246	70023.14455	R	50	0
161476	5.1032769	50.1370735	5.1037074	50.1364058	161945.8105	21180.56668	13928.84297	1890.17661	R	82	0
161571	5.139886	50.1082603	5.1411352	50.1083843	5999415.522	784651.4839	516005.4246	70023.14455	R	50	0
161573	5.1571579	50.1675803	5.1708515	50.1675173	218055.9288	28519.09615	18754.83399	2545.074894	R	90	0
161582	5.1156906	50.1632933	5.1151658	50.1612557	29741.58862	3889.842529	2558.052698	347.1337419	R	82	0
161590	5.1878332	50.1334283	5.1878061	50.1334706	5999415.522	784651.4839	516005.4246	70023.14455	R	90	0
161609	5.12501	50.0994529	5.1190822	50.1042832	933072.3206	122034.6512	145272.576	5785.580182	H	120	0
161617	5.1869854	50.1256189	5.1871548	50.1255442	5999415.522	784651.4839	516005.4246	70023.14455	R	30	0
161618	5.1872639	50.1254961	5.1876369	50.1253648	5999415.522	784651.4839	516005.4246	70023.14455	R	30	0
161685	5.1151658	50.1612557	5.1145812	50.1608975	29741.58862	3889.842529	2558.052698	347.1337419	R	82	0
161698	5.1189345	50.1042165	5.1248382	50.0993618	1100938.204	143989.4924	171408.0735	6826.444334	H	120	0
161729	5.1179399	50.1153866	5.1207897	50.109992	191687.3991	25070.40921	16486.89566	2237.310352	R	82	0
161767	5.1321047	50.1002564	5.1312599	50.1008646	6191098.049	809721.2557	532491.9011	72260.39803	R	82	0
161807	5.1121156	50.1513937	5.1095308	50.1497581	29741.58862	3889.842529	2558.052698	347.1337419	R	50	0
161808	5.1095308	50.1497581	5.1102986	50.148127	29741.58862	3889.842529	2558.052698	347.1337419	R	50	0
161916	5.1843168	50.126331	5.1845688	50.1263141	5999415.522	784651.4839	516005.4246	70023.14455	R	50	0
162030	5.1828014	50.1260001	5.1833839	50.126141	5999415.522	784651.4839	516005.4246	70023.14455	R	50	0
162031	5.1818386	50.1256343	5.1828014	50.1260001	5999415.522	784651.4839	516005.4246	70023.14455	R	50	0
162091	5.1312599	50.1008646	5.1323152	50.1021576	5999415.522	784651.4839	516005.4246	70023.14455	R	50	0
162288	5.1876369	50.1253648	5.1877651	50.125361	5999415.522	784651.4839	516005.4246	70023.14455	R	30	0
162350	5.1543017	50.1674906	5.1571579	50.1675803	218055.9288	28519.09615	18754.83399	2545.074894	R	90	0
162352	5.0959033	50.1674259	5.1108208	50.1707481	227967.5177	29815.41291	19607.32263	2660.759599	R	90	0
162381	5.1848214	50.1262734	5.1854077	50.1261457	5999415.522	784651.4839	516005.4246	70023.14455	R	50	0
162382	5.1843752	50.1355519	5.1843014	50.1356501	5999415.522	784651.4839	516005.4246	70023.14455	R	90	0
162432	5.171314	50.1149997	5.1716676	50.1160545	5999415.522	784651.4839	516005.4246	70023.14455	R	50	0
162433	5.1716676	50.1160545	5.1769591	50.1195584	5999415.522	784651.4839	516005.4246	70023.14455	R	50	0
162434	5.1769591	50.1195584	5.1818386	50.1256343	5999415.522	784651.4839	516005.4246	70023.14455	R	50	0
162439	5.1854077	50.1261457	5.1857302	50.1260724	5999415.522	784651.4839	516005.4246	70023.14455	R	30	0
162468	5.1642373	50.1123773	5.1660062	50.1127994	5999415.522	784651.4839	516005.4246	70023.14455	R	50	0
162469	5.1147105	50.1711137	5.1258532	50.1733168	218055.9288	28519.09615	18754.83399	2545.074894	R	90	0
162470	5.1258532	50.1733168	5.1268042	50.1725259	218055.9288	28519.09615	18754.83399	2545.074894	R	90	0
162471	5.1268042	50.1725259	5.125787	50.1701855	218055.9288	28519.09615	18754.83399	2545.074894	R	90	0
162472	5.125787	50.1701855	5.1306786	50.1693877	218055.9288	28519.09615	18754.83399	2545.074894	R	90	0
162473	5.1247817	50.1890398	5.1217416	50.1866102	39653.07999	5186.14654	3410.53296	462.8173098	R	82	0
162474	5.1217416	50.1866102	5.1205077	50.1807197	39653.07999	5186.14654	3410.53296	462.8173098	R	82	0
162475	5.1205077	50.1807197	5.1176898	50.1742811	39653.07999	5186.14654	3410.53296	462.8173098	R	82	0
162476	5.1176898	50.1742811	5.1130863	50.1712322	39653.07999	5186.14654	3410.53296	462.8173098	R	82	0
162522	5.1887361	50.1263845	5.1883179	50.1258763	5999415.522	784651.4839	516005.4246	70023.14455	R	50	0
162574	5.189473	50.1272951	5.1891532	50.1268915	5999415.522	784651.4839	516005.4246	70023.14455	R	50	0
162604	5.1137968	50.1540666	5.1134603	50.152869	29741.58862	3889.842529	2558.052698	347.1337419	R	50	0
162617	5.1895987	50.1299505	5.1878101	50.1313812	5999415.522	784651.4839	516005.4246	70023.14455	R	90	0
162643	5.1042493	50.1355793	5.1133005	50.1214585	191687.3991	25070.40921	16486.89566	2237.310352	R	82	0
